image_width: 640
image_height: 480
camera_name: depth_PS1080_PrimeSense
camera_matrix:
  rows: 3
  cols: 3
  data: [568.2749436503335, 0, 321.7566459493723, 0, 567.9859328665143, 244.819337884083, 0, 0, 1]
distortion_model: plumb_bob
distortion_coefficients:
  rows: 1
  cols: 5
  data: [-0.04440415324167465, 0.05532684956360977, 0.0004171587640289154, 0.001845745520657921, 0]
rectification_matrix:
  rows: 3
  cols: 3
  data: [1, 0, 0, 0, 1, 0, 0, 0, 1]
projection_matrix:
  rows: 3
  cols: 4
  data: [563.661865234375, 0, 322.9306162188441, 0, 0, 564.4764404296875, 244.9927932714818, 0, 0, 0, 1, 0]