image_width: 640
image_height: 480
camera_name: depth_PS1080_PrimeSense
camera_matrix:
  rows: 3
  cols: 3
  data: [569.103890964477, 0, 317.4340756169954, 0, 568.8533205649462, 246.2243337863232, 0, 0, 1]
distortion_model: plumb_bob
distortion_coefficients:
  rows: 1
  cols: 5
  data: [-0.03969557173129928, 0.01071145821541373, 0.001523202063529376, -0.000201371753390236, 0]
rectification_matrix:
  rows: 3
  cols: 3
  data: [1, 0, 0, 0, 1, 0, 0, 0, 1]
projection_matrix:
  rows: 3
  cols: 4
  data: [562.4217529296875, 0, 317.2633664095702, 0, 0, 564.9039306640625, 246.7814030796108, 0, 0, 0, 1, 0]